1.799709595170403276e+01 3.238674565588743803e+01
2.211459372714311478e+00 -2.137350539417795758e+01
-4.794661522531726838e+00 1.845633992482283148e+01
1.775368029329894792e+00 1.491671945358989060e+00
-2.276314908909584034e+01 -4.016095747242897573e+01
1.813448764294436577e+00 2.323732690217875074e+01
6.901488083732214562e+00 -1.964781889581487695e+00
7.614703285129719390e+00 4.791883184694362363e+00
-8.384538869426965135e-01 -1.675686386683521434e+01
3.885382484453689056e+00 -3.069978586447827595e+01
5.089520764900964167e+00 -1.037060318715855267e+01
-1.192065977138735633e+01 -3.424585326973782884e+01
-4.839377030769674626e+00 1.644995521021184004e+01
1.770338529338118150e+01 3.129357473467316453e+01
2.448653853485575027e+01 2.946081195934852204e+01
2.514482191989402438e+01 2.841749327886148180e+01
-3.870236471966605762e+01 -3.693317560001233346e+01
2.169240214414755386e+01 2.876213279666496447e+01
-2.258464630853272226e+01 -4.007746233725605833e+01
-2.622788095082769999e+01 -4.199641875459816021e+01
1.773947085161386994e+01 3.448874868609565425e+01
-2.573752505718835693e+01 -3.816497966269049869e+01
-2.129302155479014758e+01 -3.569806573531741378e+01
4.913133369935126282e+00 -6.105364778383518543e-01
2.171824498734662967e+01 2.927874149309137408e+01
1.740735021682103678e+01 1.600353049842400566e+01
-1.964902954632789633e+00 1.180174165329451164e+01
-1.804345439275091323e+01 -3.552323593033374749e+01
-1.025996339128863344e+00 1.794529570905809379e+01
1.856883579712111754e+01 3.216318913342848163e+01
-6.457905189647216382e+00 1.033882809451753815e+01
-3.210987202609323532e+01 -4.356173857574298580e+01
-2.477868778865454757e+01 -3.486364839024644624e+01
1.252372451449435431e+01 2.420914929922152226e+01
1.951392448307777983e+01 1.754884796953811232e+01
-1.220386508846555351e+01 -1.997705169077317322e+01
-2.089941923076391461e+01 -3.609774766710780369e+01
3.913711611323462236e+00 4.188311440773057370e+01
-3.195435538278923460e+01 -4.304026746360746358e+01
-3.290364194728714153e+01 -4.274411622094898888e+01
4.436152568895227688e+00 1.883933238655191289e+01
-2.304936748699539351e+01 -4.085419010409316343e+01
3.858083984222936635e+00 -3.076266334294139781e+01
-3.851665188472039425e+00 1.966728514155020235e+01
9.275431607540932433e+00 2.860988966708676529e+01
2.428222205420471269e+01 2.500310121727545720e+01
-3.079544163662290757e+01 -4.368236393214656488e+01
-5.163955630407381925e+00 1.751000041154113518e+01
-1.792227660926391053e+01 -3.960908907452668615e+01
2.102368984158730747e+00 -1.885782216602646599e+01
-2.186676481016118956e+01 -3.891580174348045773e+01
1.645519004131491414e+01 3.264982734991794899e+01
-2.739849574887529116e+01 -3.614766300595778858e+01
3.042539457514346068e+01 3.035895621941024203e+01
-2.552193507404810902e+01 -3.678731655812175205e+01
1.322388518270363456e+01 2.761947595150746082e+01
5.199569867796468792e+00 9.219870583313774404e+00
1.821655462198934927e+01 1.475441584712039145e+01
1.589698221686094648e+01 2.716169547063045542e+01
-3.433138068923378938e+01 -4.362331583925503509e+01
3.761960307321641661e+00 -3.211986369911044648e+01
2.495887142215220678e+01 2.506852959710818851e+01
-2.394633052468846302e+01 -3.000805333050337609e+01
-2.938371716037000425e+00 1.274432253661439596e+01
1.866692554489009126e+01 1.757161018577802380e+01
6.336224770400393780e+00 3.780980829207835825e+01
3.653015684015246567e+00 -3.876690519128090706e+00
2.344179010951803477e+01 2.900816105852589644e+01
2.296108016240866334e+01 2.708022671655470148e+01
2.600019176064905935e+01 2.780665887543222325e+01
-2.207866808410236814e+01 -3.427502688759255278e+01
2.210079100355729054e+01 1.779564010704946142e+01
-2.416544065481152970e+01 -4.153363023490418016e+01
-3.255479954911787388e+01 -4.400174650691945999e+01
3.353716018110112174e+01 2.883081913522581630e+01
1.503908904911074984e+01 3.232869247644777744e+01
1.646981227635415834e+01 2.993550852233759230e+01
-2.689472268714692405e+01 -3.729523377970617304e+01
3.853698111140459126e+00 8.925124735719530022e+00
-1.332525791042672658e+01 -1.960747356926774998e+01
2.528867215675287738e+01 2.693995630164513244e+01
1.486269181811045925e+01 2.537191645579286359e+01
2.905158683934506048e+00 -2.432632277740614413e+01
4.911006859421821247e+00 2.336548748021163391e+01
-3.176650305170116440e+01 -4.356840139852250360e+01
2.660751010173341058e+01 2.810731723721738007e+01
3.181103213602244129e+00 -1.278540469215771935e+01
2.411439946751894325e+00 2.110993063839736195e+01
-9.361726754862218058e+00 1.702944418401225235e+01
-2.937363018004523596e+01 -3.593890699523516474e+01
1.823589403035292378e+01 3.243739304992175221e+01
-2.529392832850917650e+00 1.812219446930357591e+01
1.122199632991359408e+01 2.508704425874863020e+01
2.320222002154185503e+01 2.491647896055304301e+01
2.270290383079983876e+00 2.385509800807317049e+01
-3.336516895374579406e+01 -4.445483285012154084e+01
1.383100891290560774e+01 3.707561361999536587e+01
2.767097308323815597e+01 2.063554018715646521e+01
1.450773583115855025e+01 3.266895036527377272e+01
-1.957508733782532317e+01 -2.683852060621163460e+01
1.494923080138690175e+01 1.901363756744025935e+01
-2.192481001005221586e+01 -4.113158284714747026e+01
2.323210495608525861e+01 2.838562670611199579e+01
-2.868162985729786563e+00 1.481873657563785152e+01
1.601012743904907509e+01 1.251502062157327266e+01
-5.861470219364306899e+00 2.046161956812002813e+01
1.348969360847333299e+01 2.496515215029933898e+01
4.721106368094007522e+00 3.763385443283785037e+01
-2.023048718476625396e+01 -3.840164988786979450e+01
8.578624222907578201e+00 -1.745196410982359891e+00
2.440579129878229558e+00 -1.302160523311290063e+01
1.818965801315707154e+01 2.976576479017639443e+01
2.626490057273584000e+01 2.856053178718768137e+01
2.771228460629171053e+00 -1.313842664557846973e+01
-1.746465289044961366e+01 -3.590219948851891729e+01
2.726974111893999009e+01 2.658862842328180065e+01
1.916542078262126125e+01 2.914054631832617659e+01
-2.191649824841283944e+01 -4.179388559441385809e+01
-1.087673840376799816e+00 2.556963956289693130e+01
-4.026876656932940080e+01 -4.341831313592913233e+01
-2.414090617345183887e+01 -4.033336450054706290e+01
7.631074879121407584e+00 9.551951175245240733e-02
1.196170661894679021e+00 -1.160859024262964390e+01
4.281275938143698667e+00 2.555204798597415206e+01
2.894753426098202453e+01 3.276904257120494890e+01
2.000612012336725343e+01 1.789240890668064665e+01
1.525002318063294737e+01 2.354928992620524042e+01
-3.319093721192714241e+01 -4.490857360816669797e+01
1.601730169450034680e+01 9.180464137693777005e+00
-3.174899604860645397e+01 -4.090606666031644778e+01
2.624813838331275306e+01 2.873986699837934822e+01
1.918856965166375517e+01 1.778855589657275260e+01
2.963844759592006994e+00 -2.573613796126307562e+01
1.978228429624471119e+01 9.676133074273181478e+00
-2.205740722858403835e+00 -2.433707894405178607e+01
-2.941144038178269327e+01 -3.700990857009298196e+01
2.827334563795252720e+00 -2.808397951920851554e+01
-3.378144359614504211e+00 -1.993119503316845353e+01
6.236343408578710168e+00 -3.299565167313945668e+00
-1.272376534084019539e+01 -1.940059949053600619e+01
7.017430505425178211e+00 6.091517097607172637e+00
2.710054289153362816e+01 2.679437163559045132e+01
-2.814859416875504294e+01 -3.514449552997552217e+01
1.681922051867758228e+01 3.235340526122541860e+01
-4.845002431794084075e+00 1.159247031612220269e+01
3.023638227415464730e+00 -2.804538661922762444e+01
1.460352162417191479e+01 2.710620621038762934e+01
1.647345916415006073e+01 1.566493879443286907e+01
2.198003040375164119e+01 2.851249686748694145e+01
-4.804262183773213124e+00 -1.615572193628416642e+01
-4.217476625620564690e+00 4.020554236711962659e+01
4.984361589796034941e+00 4.150243383277831555e+01
1.234086559174591891e+01 2.521822195157511359e+01
1.732098606250829320e+01 3.231321236195479685e+01
1.095216426605525761e+01 2.555509061230822354e+01
8.697616366336434979e+00 2.259117379330735176e+01
1.442569680596769111e+01 1.943569715859339553e+01
-2.457266990690428443e+01 -4.189675441825579583e+01
-2.660597032845057797e+01 -3.626101929294467396e+01
-3.933607413382371298e+00 1.743309214560408549e+01
1.702667441931136949e+00 -2.260726176053249503e+01
1.655031047990089377e+01 1.245888920696769908e+01
-4.120602645524825647e+01 -4.156921730211083599e+01
1.562722748903978243e+01 2.878206001303454897e+01
-1.629805308569996170e+00 1.854273368700196301e+01
1.575942275170846063e+00 -2.347334280583827137e+01
1.873013567180843353e+01 3.072722967112924408e+01
2.418924534730730969e+01 2.044874773448093208e+01
4.394724896568423134e+00 5.998502633076252089e+00
-2.890993304457899171e+01 -3.643705936497354969e+01
2.092686408993829161e+01 3.124763897267448343e+01
2.114927692683442828e+01 2.823307028777390215e+01
-1.150060829748087698e+01 -8.664120299004830272e+00
2.779309387880935400e+00 -2.820301492008278288e+01
4.727107613600385783e+00 -5.430174976585917967e+00
1.006299629548782093e+01 2.170646246109548372e+01
-3.004348957186691749e+01 -4.166573761803696385e+01
2.518601403932770211e+01 2.857104069565423288e+01
-2.840598970044919458e+00 4.106720076797836327e+01
-3.700576947471588607e+00 1.427316432913440103e+01
1.111204441075761995e+00 -2.264958993013700450e+01
-7.665623119367029226e+00 1.187586866799733976e+01
1.245828375766903306e+01 3.511684044262820947e+01
6.410239462746925021e+00 -4.956915106274969673e+00
7.579448418973446788e-01 2.400247830727099085e+01
2.144373077604232680e+00 -2.087234916111874483e+01
-1.528983626684752739e+00 -8.450356588434010163e+00
-7.526620698138140497e+00 1.066486320363553908e+01
2.367005458062810774e+01 2.819760519020203304e+01
2.643204908299046707e+01 2.857036177503189833e+01
1.866930268372766477e+01 3.790463017641641841e+01
-3.502431285845666320e+00 -2.193125147776305184e+01
1.752940563074367475e+01 3.033916986523560055e+01
4.911007767665573454e+00 3.917469384194716042e+01
1.857162622863297585e+01 1.492888484077740330e+01
2.363259876950576199e+01 2.699459829056542048e+01
-1.386210914627477564e+01 -3.500426122718450728e+01
-2.483208064623227784e+01 -4.226535396187936300e+01
1.619257815274047374e+01 2.651183670054028951e+01
-2.280219512042122076e+01 -4.069752621524796155e+01
-1.471677921934038480e+01 -2.344850309848145642e+01
-3.866313037720392742e+01 -4.579148618906324941e+01
-1.774823452078465280e+01 -3.566120228742449427e+01
4.952204697647145437e+00 2.257688437248966551e+01
-3.179762879834841627e+01 -4.300220306928373049e+01
2.181309008822442497e+00 -2.211557231192476891e+01
-2.080253297035628179e+01 -3.754816074399909809e+01
3.996686156493734821e+00 -1.099965047832090592e+00
1.976498685827105106e+01 2.161352773563508833e+01
1.544196628990679621e+01 2.164819124574900755e+01
-1.668262281154911619e+01 -2.645327373277898886e+01
3.711834563741127191e+00 2.236610823423626826e+01
2.433348909982835906e+01 2.474289444114338110e+01
-4.654955777628839719e+00 1.642769469403111060e+01
2.169838940882871015e+01 2.508342965635786825e+01
-1.715153409203411883e+01 -3.739188006554762467e+01
5.488444583753391726e+00 -8.628271414327741695e+00
1.774917383267899851e+01 3.212844369756175666e+01
4.366968202013037370e+00 2.549124917104360843e+00
3.151135416495665531e+00 -2.843507797366861212e+01
1.320915085665498978e+01 3.480799278817607245e+01
1.598537057934641847e+00 -2.742850599516692611e+01
1.179799684335690557e+01 4.951228139351443680e+00
1.435493951394167667e+01 2.245982432017591535e+01
3.868939659854098601e+00 2.598155837264095425e+01
-2.285706199869428445e+01 -3.879148173509736353e+01
-4.619240575922655800e+00 1.565629559322839981e+01
-1.904173964693718801e+01 -2.669234947800156732e+01
-1.766531020990540313e+01 -3.550638724241232325e+01
-3.151611260565717032e+01 -4.083820724714121297e+01
-2.499521169177709723e+01 -4.105333338244733454e+01
1.870861254972415821e+01 1.705279633671581152e+01
-1.583255762222308904e+00 1.860653988683924709e+01
-2.717035184455325592e+01 -3.430470539381234119e+01
2.530908498132466278e+01 2.279655828018849562e+01
-3.391044582759403170e+01 -4.310522021143169269e+01
2.531194999835280512e+01 2.824095392293704876e+01
-1.709666382544853747e+01 -2.055469331557096879e+01
1.684937735107767764e+01 1.264846243662995029e+01
9.301352526862228132e+00 2.551716646956203505e+01
-3.459306977897671942e+01 -4.372208117650875892e+01
-3.836587928522759228e+01 -4.532723689138772727e+01
3.880074599440034966e+00 -3.103181313202165015e+01
2.043249719809746168e+01 3.014899381198808825e+01
-3.424264004803261230e+01 -4.422400748951069005e+01
2.557039285850558485e+01 3.327500168342140086e+01
-1.540007004024543313e+01 -1.979628976836811205e+01
1.773827540218248089e+01 3.309929562279562987e+01
-2.462153699855341316e+01 -4.126293704072819679e+01
1.459541400813185508e+00 2.496391922287689269e+01
-1.564939212605919572e+01 -4.092494956526766714e+01
-1.380394856138721060e+01 -2.159837062077040315e+01
-1.903813078132727910e+01 -3.720870376260801748e+01
-1.570280070125309235e+00 -1.523228123981395754e+01
1.779871624819181264e+01 2.832708108289977744e+01
4.682735077613333630e+00 2.356457921653539600e+01
2.682230124705843366e+01 2.810516264411026199e+01
1.514945704484189548e+01 3.156489240978491395e+01
2.254969950641620091e+00 -2.831470794394560642e+01
2.252979097170973333e+01 2.504646285316311705e+01
-2.600140640611402887e+01 -3.176065612491621337e+01
1.562242199030518464e+01 2.614351365438484365e+01
1.460801086594052300e+01 3.057232501993698115e+00
3.656716147788265370e-01 2.086577207078662966e+01
-1.802901371395275731e+01 -3.875191785050402871e+01
5.488108612098373307e+00 -7.923814351659522970e+00
2.631483897767407854e+01 2.793167202171047947e+01
-3.612260256144688242e+01 -4.492826860288738544e+01
1.308425646361763306e+01 3.713135454678109681e+01
8.883898699590044856e+00 2.365460337470377894e+01
-2.866905342902206044e+01 -3.661830745202174597e+01
-8.466693379482318704e+00 1.844415542126656860e+01
2.278214089286473509e+01 2.575442190793438968e+01
4.818528712157744920e+00 -8.863077643496641400e+00
-2.084966710561792880e+01 -3.835417102174951509e+01
1.190516081397333181e+01 2.921874162962321719e+01
1.038152287154863629e+00 2.366964190020187075e+01
-3.120236649064037948e+01 -4.017774960258505956e+01
8.382469415105132882e+00 -1.306519936434121301e-02
-2.879349477345226660e+01 -4.280631726478853949e+01
-1.253072380567993749e+00 1.908229441551386074e+01
1.573941241699578875e+01 2.710610446535211082e+01
5.244231440970200664e-01 -1.560613747086287084e+01
1.001890611106841433e+01 3.080335735467581437e-01
1.535054115215774040e+01 3.013240334471922921e+01
3.900923637554829959e+00 -3.124998994651474860e+01
-3.116931029833508049e+01 -4.304489195875459728e+01
-2.978933507314428297e+00 7.378640308562747663e+00
-2.917158325550645870e+01 -3.589512677075622804e+01
-2.415004978357114851e+01 -4.119274457889763852e+01
5.936719884953181925e+00 1.214722923119345310e+01
-2.078577953717408633e+01 -2.755096466867333405e+01
8.015529974529057355e+00 -5.240555177501360795e+00
-1.098260325816947081e+01 3.474054361742432206e+01
2.683776806322882180e+01 2.765298921074419169e+01
1.534057158526096387e+01 3.593735501704826873e+01
1.278340798562618907e+01 7.983185625918296502e+00
9.538056901444527114e+00 4.032800784109002734e+01
-3.212564438931692745e+00 1.494697544040882953e+01
1.546140669314010196e+01 2.537081493727549031e+01
3.063185752212170154e+00 -2.823511536224998864e+01
-3.196850351784337008e+01 -4.203545665590822722e+01
-9.643740043308140386e+00 1.878769311972095224e+01
1.333188487113536214e+00 -1.979085931679092880e+01
-2.918751830267341063e+01 -3.577630587993498068e+01
7.662224211813982500e+00 -6.895319418415472690e+00
-5.177510368565052978e+00 1.577324414109166639e+01
-3.268281394400649731e+01 -4.313943060937148744e+01
1.284537793700551589e+01 3.588225718147202770e+01
-4.234356555446944448e+00 1.822317440685209533e+01
1.376396590168437051e+01 2.582122238723755814e+01
2.508094964597644694e+00 -1.861976097630148264e+00
1.084648299063772114e+01 3.482600085504108733e+01
-2.910642848103846347e+01 -3.610090112319998212e+01
-1.086352044030071973e+01 -3.149498620206332689e+01
4.278142158497154846e+00 2.326935110940361895e+01
3.965518768961096896e+00 2.401907378098691481e+01
4.939462240339967281e+00 -1.586812664003013351e+00
2.440424350798421926e+01 2.513705834327193145e+01
2.634708205947561055e+00 -2.776662140320484795e+01
-4.141690945426880766e-01 4.065338637495318608e+01
1.472296578088010577e+01 1.398724944603701914e+01
1.519161354720971602e+01 3.081190172740311084e+01
-1.869698669363025090e+01 -3.720978701834759761e+01
-7.901523700123997962e-01 1.433303999918592275e+01
-1.924378678601944870e+01 -3.770522556226221411e+01
1.341942994925286392e+01 2.411411730617577476e+01
5.368063931824661239e+00 -3.529789797020888464e+00
-4.374269078662645249e+00 2.990165679076440952e+01
3.261748357347293847e+00 -2.826004271526382539e+01
-3.071182792918134652e+01 -3.389924906625621048e+01
-6.929554115288278915e+00 9.739969948834824365e+00
-2.737167419228696374e+01 -3.604787511428732927e+01
-1.846312158724910502e+00 2.264511196343804045e+00
-2.516921295024256366e+01 -4.084700805369154608e+01
1.375625395819725938e+01 3.679344013567433791e+01
4.240001142617387586e+00 1.974236679891506441e+01
3.605080696827384745e+00 -3.245864923202000796e+01
2.574771624463060604e+01 2.851705451645283063e+01
